StartChar: AE
Encoding: 198 198 136
Width: 2465
Flags: W
HStem: 0 221<1679.57 1986> 0 205<1644 1950.43> 489 152<626 896> 567 551<1797.88 2008.33> 1384 209<1644 1978>
VStem: 913 448<424 1218>
TtInstrs:
SVTCA[y-axis]
PUSHB_3
 95
 1
 0
CALL
PUSHB_1
 19
SHP[rp1]
PUSHB_2
 75
 9
MIRP[min,black]
PUSHB_3
 94
 1
 0
CALL
PUSHB_2
 76
 11
MIRP[min,black]
PUSHB_3
 76
 94
 10
CALL
PUSHB_4
 64
 76
 82
 9
CALL
PUSHB_3
 120
 4
 0
CALL
PUSHB_1
 50
SHP[rp1]
PUSHB_2
 138
 9
MIRP[min,black]
PUSHB_3
 138
 120
 10
CALL
PUSHB_4
 0
 138
 131
 9
CALL
PUSHB_5
 4
 0
 95
 120
 13
CALL
PUSHB_5
 4
 17
 0
 27
 4
CALL
PUSHB_5
 145
 68
 95
 120
 13
CALL
PUSHB_5
 145
 7
 0
 8
 4
CALL
SVTCA[x-axis]
PUSHB_1
 150
MDAP[rnd]
PUSHB_1
 108
MDRP[rp0,rnd,white]
PUSHB_5
 60
 21
 0
 18
 4
CALL
PUSHB_3
 108
 60
 10
CALL
PUSHB_4
 64
 108
 115
 9
CALL
PUSHB_1
 100
SHP[rp2]
PUSHB_2
 151
 1
CALL
PUSHB_2
 60
 108
SRP1
SRP2
PUSHB_1
 50
IP
SVTCA[y-axis]
PUSHB_2
 4
 76
SRP1
SRP2
PUSHB_7
 11
 28
 61
 62
 87
 100
 104
DEPTH
SLOOP
IP
PUSHB_2
 145
 68
SRP1
SRP2
PUSHB_2
 74
 139
IP
IP
PUSHB_1
 138
SRP1
PUSHB_6
 39
 44
 57
 112
 115
 2
DEPTH
SLOOP
IP
IUP[y]
IUP[x]
EndTTInstrs
LayerCount: 2
Fore
SplineSet
626 641 m 1,0,-1
 898 641 l 1,1,-1
 897 1223 l 1,2,-1
 626 641 l 1,0,-1
896 489 m 1,3,-1
 544 489 l 1,4,-1
 507 420 l 2,5,6
 486 382 486 382 482 358 c 1,7,8
 477 335 477 335 484.5 322.5 c 128,-1,9
 492 310 492 310 504.5 303.5 c 128,-1,10
 517 297 517 297 533 293 c 128,-1,11
 549 289 549 289 562 283.5 c 128,-1,12
 575 278 575 278 582.5 267 c 128,-1,13
 590 256 590 256 586 236 c 0,14,15
 577 188 577 188 549.5 145.5 c 128,-1,16
 522 103 522 103 478.5 70.5 c 128,-1,17
 435 38 435 38 376 19 c 128,-1,18
 317 0 317 0 244 0 c 0,19,20
 170 0 170 0 118 19 c 128,-1,21
 66 38 66 38 34.5 70.5 c 128,-1,22
 3 103 3 103 -8 145.5 c 128,-1,23
 -19 188 -19 188 -10 236 c 0,24,25
 -5 260 -5 260 8 270.5 c 128,-1,26
 21 281 21 281 40 287 c 128,-1,27
 59 293 59 293 83 298 c 128,-1,28
 107 303 107 303 132 316 c 128,-1,29
 157 329 157 329 183 353.5 c 128,-1,30
 209 378 209 378 233 424 c 2,31,-1
 624 1174 l 2,32,33
 635 1195 635 1195 641.5 1211 c 128,-1,34
 648 1227 648 1227 650 1239 c 0,35,36
 654 1260 654 1260 648 1271 c 128,-1,37
 642 1282 642 1282 631.5 1288.5 c 128,-1,38
 621 1295 621 1295 607.5 1298.5 c 128,-1,39
 594 1302 594 1302 582.5 1307 c 128,-1,40
 571 1312 571 1312 565 1321 c 128,-1,41
 559 1330 559 1330 562 1347 c 0,42,43
 563 1349 563 1349 563 1352 c 128,-1,44
 563 1355 563 1355 565 1358 c 0,45,46
 589 1427 589 1427 643 1472.5 c 128,-1,47
 697 1518 697 1518 776.5 1544.5 c 128,-1,48
 856 1571 856 1571 959 1582 c 128,-1,49
 1062 1593 1062 1593 1184 1593 c 0,50,51
 1217 1593 1217 1593 1242.5 1582 c 128,-1,52
 1268 1571 1268 1571 1287 1553.5 c 128,-1,53
 1306 1536 1306 1536 1319 1513.5 c 128,-1,54
 1332 1491 1332 1491 1340 1468 c 0,55,56
 1359 1413 1359 1413 1362 1344 c 1,57,58
 1361 1335 1361 1335 1361 1314 c 2,59,-1
 1361 1174 l 1,60,-1
 1362 424 l 1,61,-1
 898 420 l 1,62,-1
 896 489 l 1,3,-1
2093 844 m 0,63,64
 2093 791 2093 791 2081 741 c 128,-1,65
 2069 691 2069 691 2044 652.5 c 128,-1,66
 2019 614 2019 614 1980 590.5 c 128,-1,67
 1941 567 1941 567 1886 567 c 0,68,69
 1854 567 1854 567 1832 580.5 c 128,-1,70
 1810 594 1810 594 1793 618.5 c 128,-1,71
 1776 643 1776 643 1760 677 c 128,-1,72
 1744 711 1744 711 1724 752 c 1,73,-1
 1644 762 l 1,74,-1
 1644 205 l 1,75,-1
 1986 221 l 1,76,-1
 2027 395 l 1,77,78
 2044 452 2044 452 2068 491.5 c 128,-1,79
 2092 531 2092 531 2120.5 555.5 c 128,-1,80
 2149 580 2149 580 2181 591 c 128,-1,81
 2213 602 2213 602 2245 602 c 0,82,83
 2282 602 2282 602 2314 589.5 c 128,-1,84
 2346 577 2346 577 2369.5 553 c 128,-1,85
 2393 529 2393 529 2406 495.5 c 128,-1,86
 2419 462 2419 462 2419 420 c 0,87,88
 2419 379 2419 379 2410.5 331.5 c 128,-1,89
 2402 284 2402 284 2385.5 237.5 c 128,-1,90
 2369 191 2369 191 2344 148 c 128,-1,91
 2319 105 2319 105 2285 72 c 128,-1,92
 2251 39 2251 39 2208.5 19.5 c 128,-1,93
 2166 0 2166 0 2115 0 c 2,94,-1
 1245 0 l 2,95,96
 1127 0 1127 0 1035.5 13.5 c 128,-1,97
 944 27 944 27 881.5 55.5 c 128,-1,98
 819 84 819 84 786.5 129 c 128,-1,99
 754 174 754 174 754 236 c 0,100,101
 754 260 754 260 766 270.5 c 128,-1,102
 778 281 778 281 795.5 286.5 c 128,-1,103
 813 292 813 292 833.5 297 c 128,-1,104
 854 302 854 302 871.5 314.5 c 128,-1,105
 889 327 889 327 901 351 c 128,-1,106
 913 375 913 375 913 420 c 2,107,-1
 913 1174 l 2,108,109
 913 1218 913 1218 901 1242.5 c 128,-1,110
 889 1267 889 1267 871.5 1279.5 c 128,-1,111
 854 1292 854 1292 833.5 1297 c 128,-1,112
 813 1302 813 1302 795.5 1307.5 c 128,-1,113
 778 1313 778 1313 766 1323.5 c 128,-1,114
 754 1334 754 1334 754 1358 c 0,115,116
 754 1420 754 1420 786.5 1464.5 c 128,-1,117
 819 1509 819 1509 881.5 1537.5 c 128,-1,118
 944 1566 944 1566 1035.5 1579.5 c 128,-1,119
 1127 1593 1127 1593 1245 1593 c 2,120,-1
 2103 1593 l 2,121,122
 2176 1593 2176 1593 2230 1553 c 128,-1,123
 2284 1513 2284 1513 2319.5 1452.5 c 128,-1,124
 2355 1392 2355 1392 2372.5 1322 c 128,-1,125
 2390 1252 2390 1252 2390 1192 c 0,126,127
 2390 1152 2390 1152 2377.5 1120 c 128,-1,128
 2365 1088 2365 1088 2342.5 1066 c 128,-1,129
 2320 1044 2320 1044 2289.5 1032 c 128,-1,130
 2259 1020 2259 1020 2224 1020 c 0,131,132
 2193 1020 2193 1020 2163 1030.5 c 128,-1,133
 2133 1041 2133 1041 2106 1064.5 c 128,-1,134
 2079 1088 2079 1088 2056 1125.5 c 128,-1,135
 2033 1163 2033 1163 2017 1217 c 1,136,-1
 1978 1384 l 1,137,-1
 1644 1384 l 1,138,-1
 1644 924 l 1,139,-1
 1724 934 l 1,140,141
 1744 974 1744 974 1760 1008 c 128,-1,142
 1776 1042 1776 1042 1793 1066.5 c 128,-1,143
 1810 1091 1810 1091 1832 1104.5 c 128,-1,144
 1854 1118 1854 1118 1886 1118 c 0,145,146
 1941 1118 1941 1118 1980 1094.5 c 128,-1,147
 2019 1071 2019 1071 2044 1033 c 128,-1,148
 2069 995 2069 995 2081 945.5 c 128,-1,149
 2093 896 2093 896 2093 844 c 0,63,64
EndSplineSet
Validated: 37
