StartChar: Lslash
Encoding: 321 321 253
Width: 1551
Flags: W
HStem: 0 216<920.955 1111> 1573 20G<497 617>
TtInstrs:
SVTCA[y-axis]
PUSHB_3
 50
 1
 0
CALL
PUSHB_2
 27
 10
MIRP[min,black]
PUSHB_1
 32
SHP[rp2]
PUSHB_3
 27
 50
 10
CALL
PUSHB_4
 0
 27
 38
 9
CALL
PUSHB_3
 76
 4
 0
CALL
SVTCA[x-axis]
PUSHB_1
 89
MDAP[rnd]
PUSHB_2
 90
 1
CALL
SVTCA[y-axis]
PUSHB_2
 76
 27
SRP1
SRP2
PUSHB_3
 19
 8
 56
IP
IP
IP
IUP[y]
IUP[x]
EndTTInstrs
LayerCount: 2
Fore
SplineSet
7 704 m 0,0,1
 -2 737 -2 737 3 758.5 c 128,-1,2
 8 780 8 780 24 794.5 c 128,-1,3
 40 809 40 809 65.5 818 c 128,-1,4
 91 827 91 827 123 836 c 2,5,-1
 1006 1072 l 2,6,7
 1041 1081 1041 1081 1069.5 1087.5 c 128,-1,8
 1098 1094 1098 1094 1120 1090 c 128,-1,9
 1142 1086 1142 1086 1158 1070 c 128,-1,10
 1174 1054 1174 1054 1183 1018 c 1,11,12
 1193 983 1193 983 1187.5 961 c 128,-1,13
 1182 939 1182 939 1164.5 924.5 c 128,-1,14
 1147 910 1147 910 1119.5 901 c 128,-1,15
 1092 892 1092 892 1057 883 c 2,16,-1
 174 647 l 2,17,18
 142 638 142 638 115.5 632.5 c 128,-1,19
 89 627 89 627 68 631 c 128,-1,20
 47 635 47 635 31.5 651.5 c 128,-1,21
 16 668 16 668 7 704 c 0,0,1
896 360 m 2,22,23
 896 314 896 314 907.5 286 c 128,-1,24
 919 258 919 258 936.5 242.5 c 128,-1,25
 954 227 954 227 975 221.5 c 128,-1,26
 996 216 996 216 1014 216 c 0,27,28
 1016 216 1016 216 1019 216.5 c 128,-1,29
 1022 217 1022 217 1031.5 217.5 c 128,-1,30
 1041 218 1041 218 1059.5 220 c 128,-1,31
 1078 222 1078 222 1111 225 c 1,32,-1
 1152 399 l 1,33,34
 1169 456 1169 456 1193 495.5 c 128,-1,35
 1217 535 1217 535 1245.5 559.5 c 128,-1,36
 1274 584 1274 584 1305.5 595 c 128,-1,37
 1337 606 1337 606 1369 606 c 0,38,39
 1407 606 1407 606 1439 593.5 c 128,-1,40
 1471 581 1471 581 1494 557.5 c 128,-1,41
 1517 534 1517 534 1530 500 c 128,-1,42
 1543 466 1543 466 1543 424 c 0,43,44
 1543 383 1543 383 1535 335 c 128,-1,45
 1527 287 1527 287 1510 240 c 128,-1,46
 1493 193 1493 193 1468 149.5 c 128,-1,47
 1443 106 1443 106 1409.5 73 c 128,-1,48
 1376 40 1376 40 1333.5 20 c 128,-1,49
 1291 0 1291 0 1240 0 c 2,50,-1
 556 0 l 2,51,52
 438 0 438 0 346.5 13.5 c 128,-1,53
 255 27 255 27 192.5 55.5 c 128,-1,54
 130 84 130 84 97.5 129 c 128,-1,55
 65 174 65 174 65 236 c 0,56,57
 65 260 65 260 77 270.5 c 128,-1,58
 89 281 89 281 106.5 286.5 c 128,-1,59
 124 292 124 292 144.5 297 c 128,-1,60
 165 302 165 302 182.5 314.5 c 128,-1,61
 200 327 200 327 212 351 c 128,-1,62
 224 375 224 375 224 420 c 2,63,-1
 224 1174 l 2,64,65
 224 1218 224 1218 212 1242.5 c 128,-1,66
 200 1267 200 1267 182.5 1279.5 c 128,-1,67
 165 1292 165 1292 144.5 1297 c 128,-1,68
 124 1302 124 1302 106.5 1307.5 c 128,-1,69
 89 1313 89 1313 77 1323.5 c 128,-1,70
 65 1334 65 1334 65 1358 c 0,71,72
 65 1420 65 1420 97.5 1464.5 c 128,-1,73
 130 1509 130 1509 192.5 1537.5 c 128,-1,74
 255 1566 255 1566 346.5 1579.5 c 128,-1,75
 438 1593 438 1593 556 1593 c 0,76,77
 678 1593 678 1593 772 1579.5 c 128,-1,78
 866 1566 866 1566 929.5 1537.5 c 128,-1,79
 993 1509 993 1509 1025.5 1464.5 c 128,-1,80
 1058 1420 1058 1420 1058 1358 c 0,81,82
 1058 1334 1058 1334 1046 1323.5 c 128,-1,83
 1034 1313 1034 1313 1016.5 1307.5 c 128,-1,84
 999 1302 999 1302 978 1297 c 128,-1,85
 957 1292 957 1292 939.5 1279.5 c 128,-1,86
 922 1267 922 1267 910 1242.5 c 128,-1,87
 898 1218 898 1218 898 1174 c 2,88,-1
 896 360 l 2,22,23
EndSplineSet
Validated: 5
